9.148048521085277995e-01
9.169149973661496755e-01
9.134946633274827477e-01
9.111986863973016160e-01
9.099894481836624527e-01
9.107957068985386151e-01
9.158917656624241399e-01
9.144083364672925818e-01
8.675056249044799106e-01
8.710781061254326829e-01
8.690495084174976181e-01
8.682663931973382265e-01
8.632067563041740943e-01
8.957602607677659368e-01
9.199401568838535548e-01
9.200408645226261228e-01
9.196431634517641118e-01
9.103439389977873164e-01
9.055421055444632383e-01
8.722808962540101740e-01
